154 	162 	159 	152 	139 	142 	94 	67 	72 	84 	59 	49 	59 	52 	24 	39 	32 	34 	39 	0 	27 	0 	0 	22 	24 	62 	57 	74 	97 	112 	
142 	152 	124 	139 	149 	124 	114 	112 	74 	54 	52 	59 	64 	62 	57 	62 	72 	54 	52 	29 	27 	27 	0 	77 	49 	69 	69 	109 	117 	127 	
114 	124 	127 	152 	129 	134 	104 	104 	99 	62 	37 	39 	67 	52 	67 	77 	94 	82 	52 	42 	67 	64 	77 	82 	97 	104 	122 	147 	164 	179 	
107 	114 	129 	137 	147 	132 	92 	87 	104 	54 	52 	32 	47 	62 	87 	112 	99 	104 	62 	44 	74 	84 	104 	82 	87 	137 	152 	204 	189 	184 	
119 	127 	149 	124 	139 	122 	92 	74 	74 	82 	49 	47 	47 	72 	62 	94 	109 	107 	79 	62 	79 	109 	117 	102 	94 	117 	184 	179 	209 	212 	
104 	167 	124 	109 	119 	99 	112 	94 	84 	82 	67 	59 	59 	79 	69 	87 	109 	87 	57 	57 	72 	74 	92 	119 	104 	149 	189 	194 	177 	192 	
122 	159 	174 	132 	122 	87 	84 	94 	67 	82 	74 	99 	74 	64 	97 	89 	89 	57 	47 	77 	52 	72 	84 	94 	134 	127 	137 	159 	149 	164 	
139 	184 	162 	167 	152 	87 	107 	132 	107 	114 	107 	92 	94 	102 	102 	99 	79 	49 	97 	94 	62 	74 	82 	114 	119 	119 	109 	119 	144 	167 	
154 	164 	174 	167 	154 	152 	127 	104 	109 	137 	119 	129 	124 	122 	122 	77 	62 	74 	79 	107 	92 	84 	84 	114 	127 	122 	152 	164 	182 	167 	
152 	172 	147 	137 	159 	162 	177 	152 	124 	144 	144 	139 	147 	139 	114 	97 	84 	87 	92 	112 	94 	72 	89 	104 	117 	147 	144 	167 	172 	172 	
142 	172 	172 	142 	162 	167 	169 	144 	162 	137 	149 	152 	174 	149 	119 	112 	107 	97 	82 	99 	114 	112 	114 	114 	119 	147 	164 	124 	179 	164 	
137 	149 	149 	139 	159 	187 	169 	147 	164 	187 	162 	149 	169 	154 	127 	127 	97 	87 	99 	107 	97 	119 	137 	122 	104 	139 	154 	157 	164 	147 	
147 	157 	137 	172 	154 	119 	134 	157 	179 	174 	184 	162 	137 	147 	104 	74 	39 	49 	64 	62 	64 	97 	114 	134 	124 	122 	137 	152 	144 	137 	
169 	154 	162 	142 	144 	149 	152 	139 	167 	169 	162 	152 	132 	127 	104 	89 	34 	39 	84 	79 	72 	89 	119 	122 	129 	119 	127 	139 	159 	132 	
134 	144 	164 	172 	162 	174 	157 	127 	137 	167 	187 	154 	157 	139 	142 	114 	99 	82 	74 	79 	99 	89 	107 	114 	159 	144 	144 	137 	122 	114 	
117 	147 	127 	144 	162 	177 	172 	152 	137 	167 	174 	174 	167 	149 	172 	132 	92 	84 	77 	77 	92 	112 	107 	132 	162 	144 	139 	139 	117 	104 	
117 	127 	147 	142 	172 	139 	164 	149 	157 	164 	162 	182 	159 	152 	132 	122 	109 	72 	59 	47 	57 	129 	127 	152 	142 	154 	159 	159 	154 	132 	
82 	112 	107 	154 	144 	152 	172 	167 	174 	177 	169 	177 	119 	134 	107 	102 	94 	77 	69 	37 	49 	127 	119 	152 	154 	147 	159 	142 	169 	172 	
89 	92 	122 	137 	137 	109 	122 	152 	149 	184 	184 	177 	122 	112 	94 	87 	79 	107 	77 	64 	72 	117 	134 	162 	154 	159 	144 	124 	142 	119 	
102 	99 	122 	109 	114 	124 	144 	132 	157 	154 	169 	147 	132 	94 	59 	102 	114 	107 	87 	67 	54 	89 	117 	122 	139 	127 	104 	92 	102 	107 	
117 	99 	127 	154 	137 	152 	167 	174 	159 	159 	152 	164 	172 	102 	94 	107 	89 	84 	64 	39 	62 	114 	112 	119 	129 	89 	77 	82 	57 	82 	
152 	137 	134 	139 	137 	172 	169 	177 	207 	169 	189 	197 	197 	142 	114 	104 	92 	59 	39 	52 	64 	69 	89 	107 	87 	27 	27 	29 	32 	54 	
184 	154 	164 	129 	167 	187 	204 	207 	197 	184 	194 	197 	194 	142 	147 	119 	109 	72 	32 	0 	37 	29 	87 	67 	74 	24 	32 	0 	0 	37 	
164 	184 	179 	164 	187 	212 	234 	224 	217 	239 	209 	194 	174 	167 	154 	134 	127 	84 	22 	0 	0 	0 	44 	59 	82 	67 	59 	27 	39 	34 	
122 	124 	154 	164 	172 	194 	222 	254 	214 	209 	197 	157 	174 	154 	159 	162 	132 	124 	64 	29 	0 	27 	62 	84 	92 	72 	57 	42 	59 	79 	
119 	112 	104 	137 	164 	164 	202 	227 	214 	172 	154 	182 	149 	152 	149 	144 	119 	112 	92 	54 	42 	39 	62 	94 	109 	79 	64 	69 	74 	94 	
107 	112 	104 	94 	134 	134 	167 	184 	169 	162 	144 	174 	192 	152 	137 	142 	114 	107 	82 	57 	64 	52 	52 	84 	94 	102 	82 	74 	87 	89 	
139 	109 	87 	104 	109 	122 	147 	177 	154 	112 	122 	117 	162 	147 	154 	149 	107 	64 	44 	24 	52 	57 	62 	67 	99 	117 	99 	109 	102 	62 	
112 	84 	72 	107 	117 	127 	99 	129 	144 	132 	99 	87 	139 	139 	144 	154 	102 	77 	39 	57 	62 	64 	57 	54 	87 	114 	97 	129 	112 	82 	
59 	74 	92 	112 	134 	137 	72 	102 	124 	107 	92 	84 	104 	134 	129 	119 	92 	72 	77 	47 	54 	77 	42 	54 	84 	94 	104 	124 	112 	42 	
