40 	60 	32 	44 	0 	40 	68 	101 	137 	117 	113 	97 	157 	109 	141 	173 	210 	190 	137 	109 	165 	210 	165 	178 	226 	161 	173 	194 	206 	210 	
44 	84 	97 	60 	84 	89 	76 	133 	157 	186 	133 	145 	169 	182 	173 	149 	133 	173 	109 	137 	165 	198 	190 	198 	182 	169 	206 	222 	165 	186 	
80 	89 	76 	64 	93 	117 	121 	165 	186 	194 	169 	226 	194 	218 	202 	141 	101 	89 	80 	117 	121 	165 	186 	194 	206 	194 	246 	214 	230 	226 	
56 	80 	52 	121 	105 	133 	125 	153 	157 	198 	222 	226 	230 	173 	194 	165 	80 	72 	129 	157 	165 	178 	157 	218 	206 	194 	250 	238 	186 	210 	
24 	0 	28 	105 	113 	137 	190 	190 	206 	234 	238 	218 	178 	169 	165 	173 	173 	145 	190 	145 	178 	169 	153 	202 	230 	210 	267 	262 	214 	202 	
0 	0 	64 	68 	121 	190 	169 	194 	190 	206 	178 	206 	210 	190 	157 	226 	157 	153 	165 	145 	165 	161 	198 	206 	206 	254 	206 	234 	206 	202 	
0 	0 	60 	105 	117 	169 	153 	190 	129 	194 	202 	194 	198 	210 	173 	133 	129 	105 	137 	141 	84 	125 	149 	173 	226 	198 	186 	214 	186 	190 	
93 	80 	80 	84 	97 	161 	230 	173 	194 	206 	190 	194 	222 	141 	165 	186 	121 	68 	137 	121 	161 	129 	165 	169 	182 	173 	198 	186 	153 	129 	
64 	40 	60 	68 	64 	129 	153 	182 	161 	194 	186 	178 	182 	178 	157 	141 	72 	76 	101 	117 	121 	169 	141 	125 	121 	157 	157 	153 	141 	141 	
52 	64 	68 	76 	89 	113 	141 	186 	198 	182 	198 	194 	173 	157 	153 	141 	109 	105 	105 	105 	153 	169 	153 	157 	137 	72 	113 	145 	129 	105 	
93 	60 	93 	56 	101 	133 	125 	182 	210 	194 	202 	173 	165 	117 	145 	121 	105 	121 	133 	117 	153 	149 	173 	182 	133 	153 	105 	125 	133 	48 	
64 	68 	125 	169 	84 	153 	157 	198 	218 	153 	186 	169 	149 	141 	165 	129 	129 	157 	129 	190 	169 	161 	206 	198 	165 	157 	133 	165 	129 	72 	
40 	80 	113 	109 	121 	84 	113 	133 	206 	230 	218 	141 	157 	149 	169 	137 	173 	202 	218 	202 	178 	173 	190 	238 	202 	169 	161 	165 	101 	109 	
32 	72 	76 	113 	76 	113 	137 	157 	202 	194 	186 	182 	165 	165 	182 	190 	182 	226 	246 	190 	206 	186 	182 	210 	190 	190 	165 	141 	129 	125 	
84 	72 	97 	89 	72 	64 	133 	145 	157 	141 	117 	161 	214 	141 	206 	165 	186 	222 	169 	133 	145 	169 	182 	173 	178 	182 	121 	101 	101 	121 	
40 	76 	68 	80 	52 	105 	84 	113 	105 	64 	60 	141 	186 	190 	186 	182 	182 	190 	169 	145 	117 	178 	133 	129 	129 	117 	101 	117 	153 	125 	
0 	72 	97 	56 	72 	56 	72 	36 	60 	48 	64 	68 	157 	165 	137 	210 	165 	226 	173 	145 	153 	141 	121 	109 	113 	68 	72 	101 	68 	165 	
28 	44 	68 	89 	76 	76 	84 	0 	0 	28 	48 	157 	202 	153 	161 	194 	198 	173 	194 	182 	186 	165 	194 	157 	105 	89 	80 	76 	113 	157 	
24 	89 	133 	101 	36 	52 	32 	24 	0 	0 	80 	149 	161 	165 	182 	165 	206 	190 	242 	242 	186 	190 	173 	178 	129 	80 	60 	56 	149 	186 	
93 	117 	125 	97 	64 	48 	28 	36 	36 	52 	44 	121 	113 	173 	178 	129 	190 	186 	214 	226 	202 	169 	153 	109 	89 	60 	84 	105 	117 	133 	
113 	60 	89 	76 	32 	93 	89 	72 	36 	32 	93 	80 	113 	141 	165 	226 	125 	129 	117 	109 	125 	178 	153 	125 	60 	93 	117 	129 	153 	129 	
56 	84 	80 	89 	60 	93 	52 	125 	72 	60 	84 	64 	89 	133 	64 	133 	121 	76 	101 	137 	157 	141 	194 	125 	84 	129 	101 	178 	145 	141 	
40 	101 	89 	84 	68 	64 	93 	109 	109 	76 	72 	68 	125 	76 	60 	76 	105 	129 	113 	161 	101 	149 	141 	117 	121 	173 	153 	145 	190 	198 	
68 	72 	52 	52 	28 	44 	72 	97 	121 	64 	56 	84 	64 	93 	84 	76 	117 	105 	97 	157 	141 	125 	133 	161 	182 	157 	129 	141 	218 	246 	
40 	0 	72 	28 	0 	0 	64 	80 	101 	93 	117 	117 	93 	109 	125 	121 	137 	109 	113 	72 	121 	93 	145 	137 	182 	182 	169 	246 	210 	238 	
0 	0 	0 	44 	32 	40 	56 	60 	72 	89 	97 	84 	97 	137 	105 	121 	137 	113 	101 	113 	80 	145 	109 	157 	194 	222 	153 	214 	202 	186 	
0 	24 	0 	24 	48 	0 	64 	109 	117 	97 	60 	84 	72 	97 	56 	64 	64 	93 	101 	125 	84 	101 	149 	214 	178 	165 	157 	165 	218 	234 	
64 	36 	32 	52 	64 	76 	97 	101 	137 	125 	97 	40 	80 	72 	72 	36 	72 	121 	68 	64 	84 	117 	206 	206 	218 	230 	198 	198 	210 	230 	
28 	0 	0 	80 	89 	80 	76 	105 	113 	97 	52 	28 	28 	52 	84 	48 	101 	101 	109 	109 	101 	113 	137 	194 	198 	238 	210 	161 	254 	275 	
0 	0 	80 	117 	101 	48 	0 	36 	68 	93 	93 	0 	0 	36 	40 	48 	72 	48 	84 	129 	109 	113 	165 	161 	173 	202 	214 	206 	206 	182 	
