199 	208 	219 	181 	175 	178 	149 	146 	131 	128 	90 	120 	114 	134 	123 	123 	137 	120 	131 	82 	90 	117 	131 	114 	143 	152 	131 	125 	105 	149 	
251 	246 	225 	213 	205 	184 	184 	161 	169 	140 	134 	123 	114 	161 	175 	152 	155 	140 	114 	96 	96 	99 	102 	155 	143 	193 	184 	123 	117 	76 	
257 	246 	237 	210 	187 	184 	164 	161 	152 	128 	149 	105 	123 	123 	161 	158 	167 	123 	114 	114 	131 	96 	108 	143 	149 	199 	175 	111 	73 	93 	
249 	272 	269 	237 	193 	202 	219 	184 	172 	120 	123 	131 	140 	137 	146 	131 	111 	120 	131 	152 	87 	79 	111 	114 	140 	158 	152 	111 	76 	79 	
272 	266 	240 	222 	228 	216 	187 	208 	190 	140 	143 	131 	117 	143 	152 	123 	134 	143 	149 	155 	99 	102 	125 	111 	143 	143 	120 	82 	32 	38 	
254 	249 	249 	219 	210 	237 	205 	216 	178 	146 	134 	143 	108 	128 	108 	131 	155 	146 	161 	158 	123 	76 	99 	55 	90 	105 	76 	38 	0 	0 	
263 	257 	251 	284 	240 	222 	184 	193 	175 	158 	140 	164 	146 	134 	111 	99 	140 	117 	155 	137 	123 	67 	90 	46 	61 	76 	0 	0 	0 	0 	
228 	205 	234 	222 	234 	237 	210 	225 	190 	199 	158 	140 	134 	117 	76 	84 	84 	111 	120 	105 	108 	58 	38 	43 	41 	0 	0 	29 	46 	29 	
172 	187 	231 	175 	234 	219 	219 	184 	187 	158 	146 	158 	134 	70 	0 	67 	43 	67 	73 	43 	29 	0 	26 	35 	0 	0 	23 	46 	82 	49 	
149 	178 	205 	225 	216 	208 	196 	175 	158 	140 	146 	149 	111 	61 	38 	46 	55 	76 	38 	26 	58 	76 	61 	43 	46 	32 	35 	41 	46 	52 	
158 	172 	193 	216 	187 	169 	152 	140 	164 	152 	123 	131 	87 	29 	0 	55 	55 	41 	0 	0 	32 	90 	90 	61 	43 	52 	79 	52 	82 	84 	
169 	164 	199 	199 	213 	152 	169 	187 	149 	140 	99 	123 	131 	117 	82 	61 	61 	84 	84 	76 	55 	52 	70 	70 	79 	58 	108 	84 	70 	105 	
161 	187 	172 	205 	190 	169 	199 	243 	169 	175 	161 	184 	169 	131 	84 	70 	84 	120 	93 	117 	102 	73 	64 	67 	90 	82 	99 	99 	93 	84 	
131 	161 	175 	143 	196 	202 	210 	213 	199 	193 	193 	175 	178 	164 	105 	79 	84 	99 	90 	99 	87 	93 	87 	90 	93 	64 	123 	105 	64 	84 	
143 	137 	152 	137 	181 	254 	222 	216 	202 	210 	187 	181 	167 	193 	125 	123 	128 	146 	93 	93 	111 	117 	82 	87 	73 	49 	70 	114 	125 	111 	
96 	134 	155 	155 	190 	251 	246 	219 	231 	181 	199 	219 	196 	216 	178 	146 	125 	131 	125 	73 	114 	99 	82 	93 	73 	90 	96 	155 	114 	146 	
123 	125 	158 	208 	216 	225 	246 	243 	249 	219 	251 	213 	187 	199 	196 	169 	167 	152 	131 	102 	76 	87 	73 	105 	93 	96 	125 	181 	143 	140 	
149 	146 	137 	164 	167 	199 	216 	228 	240 	208 	237 	193 	205 	205 	175 	161 	137 	123 	105 	99 	82 	70 	117 	114 	137 	117 	164 	169 	172 	190 	
102 	125 	140 	146 	167 	164 	172 	193 	202 	243 	228 	213 	164 	190 	181 	155 	134 	128 	149 	87 	64 	55 	87 	96 	155 	167 	167 	134 	172 	205 	
128 	131 	167 	178 	213 	149 	167 	164 	193 	208 	210 	213 	190 	208 	184 	187 	167 	172 	161 	125 	79 	87 	108 	105 	158 	169 	152 	143 	131 	161 	
190 	190 	181 	213 	196 	181 	172 	184 	205 	187 	208 	213 	205 	210 	219 	181 	128 	169 	169 	190 	140 	164 	134 	137 	178 	131 	143 	114 	93 	140 	
155 	199 	222 	243 	202 	196 	193 	213 	205 	225 	190 	231 	225 	208 	202 	190 	196 	167 	184 	193 	164 	184 	158 	178 	143 	149 	99 	99 	84 	114 	
190 	234 	263 	246 	210 	228 	231 	202 	208 	199 	199 	219 	237 	240 	196 	193 	172 	193 	199 	222 	187 	193 	167 	164 	196 	167 	114 	108 	137 	111 	
225 	251 	257 	240 	272 	249 	202 	213 	210 	210 	219 	249 	219 	190 	164 	172 	208 	172 	164 	175 	167 	187 	202 	161 	149 	134 	79 	114 	117 	114 	
175 	228 	249 	266 	251 	240 	231 	231 	222 	181 	222 	231 	228 	175 	178 	175 	172 	187 	178 	161 	172 	190 	187 	143 	143 	143 	155 	152 	117 	102 	
190 	199 	240 	260 	243 	243 	216 	225 	228 	202 	237 	216 	184 	134 	164 	164 	181 	187 	187 	134 	143 	155 	137 	125 	131 	111 	175 	172 	158 	76 	
161 	190 	190 	216 	210 	205 	210 	202 	193 	196 	208 	196 	158 	146 	181 	158 	155 	181 	178 	131 	105 	128 	137 	146 	120 	158 	175 	216 	149 	108 	
175 	193 	199 	196 	196 	169 	202 	210 	190 	172 	178 	167 	128 	146 	161 	193 	187 	167 	164 	134 	128 	134 	125 	184 	143 	178 	181 	146 	125 	143 	
137 	158 	140 	155 	149 	134 	149 	178 	140 	161 	178 	178 	143 	114 	164 	172 	164 	152 	125 	117 	125 	140 	143 	137 	181 	187 	208 	190 	117 	123 	
93 	99 	123 	137 	158 	137 	164 	158 	143 	152 	137 	123 	137 	155 	152 	178 	143 	149 	175 	146 	102 	123 	143 	131 	149 	190 	181 	149 	120 	64 	
