164 	168 	137 	129 	160 	90 	141 	129 	101 	149 	223 	215 	184 	196 	141 	152 	141 	149 	145 	137 	184 	137 	101 	109 	82 	113 	86 	98 	105 	58 	
74 	109 	152 	184 	137 	129 	164 	145 	101 	152 	231 	192 	211 	200 	129 	184 	145 	141 	133 	172 	149 	90 	129 	90 	125 	152 	129 	66 	94 	105 	
94 	149 	192 	160 	160 	172 	200 	160 	141 	160 	137 	152 	203 	168 	94 	125 	94 	94 	90 	133 	86 	121 	98 	121 	109 	133 	109 	129 	125 	129 	
176 	184 	207 	192 	215 	219 	254 	133 	125 	145 	152 	141 	145 	125 	113 	98 	117 	101 	70 	129 	152 	86 	125 	137 	50 	94 	121 	105 	101 	66 	
192 	258 	270 	282 	243 	270 	250 	200 	180 	172 	137 	152 	156 	74 	105 	105 	98 	50 	70 	141 	133 	105 	121 	141 	113 	90 	58 	47 	78 	39 	
262 	262 	278 	274 	262 	215 	254 	203 	180 	160 	168 	156 	133 	94 	117 	90 	125 	98 	109 	129 	78 	98 	82 	86 	101 	74 	43 	0 	47 	54 	
231 	270 	278 	282 	254 	219 	200 	172 	156 	176 	192 	141 	121 	121 	74 	121 	113 	90 	129 	125 	70 	105 	101 	101 	27 	31 	39 	35 	0 	0 	
235 	298 	243 	274 	192 	188 	141 	184 	215 	168 	152 	121 	141 	125 	94 	82 	168 	137 	113 	133 	62 	94 	98 	74 	74 	86 	66 	27 	0 	74 	
231 	294 	274 	235 	223 	207 	149 	137 	219 	176 	172 	180 	172 	196 	168 	133 	109 	145 	101 	90 	43 	39 	98 	101 	62 	78 	94 	62 	27 	121 	
168 	239 	239 	231 	286 	223 	172 	184 	180 	145 	200 	156 	180 	188 	133 	109 	98 	74 	105 	105 	98 	90 	109 	125 	117 	94 	50 	58 	62 	98 	
152 	262 	239 	243 	203 	192 	180 	160 	125 	133 	160 	160 	207 	172 	125 	54 	78 	54 	101 	70 	117 	105 	121 	180 	149 	109 	101 	78 	109 	113 	
203 	223 	235 	266 	239 	176 	168 	156 	101 	86 	105 	149 	156 	156 	105 	58 	43 	47 	70 	98 	82 	109 	109 	125 	176 	145 	168 	105 	117 	176 	
239 	215 	243 	223 	211 	196 	137 	141 	117 	43 	54 	117 	149 	152 	82 	62 	94 	23 	54 	66 	113 	98 	94 	109 	152 	117 	156 	160 	172 	192 	
200 	192 	227 	219 	254 	180 	133 	149 	98 	39 	86 	125 	98 	105 	78 	82 	50 	31 	43 	117 	86 	58 	117 	141 	113 	145 	149 	164 	207 	145 	
196 	219 	227 	207 	176 	145 	98 	109 	94 	39 	70 	54 	47 	54 	70 	47 	54 	31 	0 	54 	58 	23 	105 	113 	98 	66 	164 	200 	168 	149 	
141 	145 	94 	149 	152 	105 	137 	82 	117 	62 	86 	90 	0 	0 	50 	74 	27 	35 	0 	0 	0 	90 	125 	125 	129 	94 	125 	188 	196 	223 	
121 	164 	152 	129 	129 	129 	90 	121 	141 	50 	78 	50 	0 	0 	47 	66 	74 	50 	31 	35 	39 	31 	66 	125 	109 	113 	125 	160 	203 	211 	
125 	149 	192 	137 	133 	129 	109 	121 	160 	58 	58 	39 	43 	39 	121 	78 	43 	0 	35 	35 	0 	47 	74 	78 	113 	121 	133 	149 	192 	176 	
149 	200 	196 	168 	121 	141 	145 	141 	156 	113 	125 	94 	86 	117 	117 	98 	27 	0 	0 	27 	35 	35 	35 	101 	149 	121 	168 	168 	160 	200 	
172 	180 	184 	176 	152 	160 	125 	94 	129 	90 	78 	66 	90 	129 	113 	78 	58 	50 	35 	0 	27 	43 	94 	90 	74 	129 	172 	160 	152 	156 	
172 	168 	156 	137 	184 	188 	137 	125 	86 	101 	105 	62 	58 	94 	70 	62 	66 	66 	58 	43 	50 	66 	82 	90 	98 	121 	149 	156 	152 	137 	
145 	113 	160 	196 	211 	184 	196 	160 	78 	58 	39 	39 	70 	70 	23 	54 	70 	94 	50 	70 	113 	82 	47 	50 	94 	117 	164 	184 	145 	121 	
101 	94 	149 	196 	223 	219 	145 	94 	66 	58 	66 	74 	86 	50 	27 	0 	31 	74 	74 	54 	82 	78 	50 	54 	58 	145 	172 	184 	176 	176 	
109 	86 	117 	168 	184 	203 	160 	145 	101 	145 	129 	109 	58 	58 	54 	0 	47 	39 	0 	39 	27 	0 	0 	0 	0 	82 	109 	219 	168 	196 	
94 	113 	105 	141 	164 	129 	149 	156 	152 	172 	125 	109 	82 	58 	47 	39 	23 	47 	66 	23 	23 	23 	0 	58 	54 	47 	141 	168 	200 	203 	
90 	125 	129 	113 	160 	105 	101 	141 	141 	113 	156 	129 	98 	90 	43 	90 	86 	113 	50 	39 	43 	23 	27 	0 	47 	90 	113 	133 	129 	219 	
62 	78 	129 	184 	137 	121 	66 	78 	101 	109 	74 	62 	101 	105 	54 	62 	66 	70 	94 	54 	39 	58 	86 	98 	58 	90 	141 	129 	137 	168 	
70 	125 	152 	184 	160 	101 	121 	82 	78 	70 	94 	70 	113 	70 	98 	121 	109 	101 	78 	74 	54 	50 	62 	90 	90 	82 	109 	86 	121 	168 	
86 	125 	172 	188 	121 	113 	82 	74 	113 	94 	90 	94 	101 	101 	121 	101 	94 	78 	70 	70 	125 	94 	78 	117 	62 	62 	82 	74 	137 	133 	
101 	156 	121 	176 	137 	125 	101 	54 	121 	105 	113 	70 	35 	58 	82 	0 	70 	117 	109 	141 	117 	78 	109 	82 	50 	70 	43 	74 	133 	168 	
