83 	119 	187 	207 	207 	191 	159 	199 	227 	211 	183 	167 	163 	203 	195 	266 	262 	282 	302 	266 	238 	223 	207 	179 	183 	215 	211 	95 	79 	0 	
127 	171 	223 	242 	211 	175 	195 	175 	231 	207 	191 	215 	211 	199 	207 	227 	223 	274 	290 	274 	231 	227 	215 	187 	199 	227 	215 	155 	123 	99 	
211 	242 	231 	231 	175 	147 	147 	175 	187 	246 	211 	290 	211 	219 	199 	187 	234 	278 	231 	270 	246 	254 	231 	187 	215 	223 	223 	175 	123 	107 	
211 	175 	223 	167 	147 	163 	159 	135 	159 	159 	187 	219 	215 	207 	191 	195 	238 	227 	195 	219 	262 	227 	211 	191 	254 	234 	187 	183 	143 	83 	
167 	187 	179 	159 	135 	163 	175 	159 	131 	159 	127 	139 	155 	175 	187 	151 	207 	234 	151 	211 	203 	227 	163 	231 	246 	238 	151 	127 	99 	95 	
123 	155 	159 	115 	183 	179 	199 	195 	163 	223 	179 	139 	163 	187 	151 	135 	115 	139 	127 	191 	219 	191 	191 	234 	203 	191 	163 	99 	55 	95 	
151 	183 	171 	175 	155 	187 	159 	227 	167 	203 	195 	203 	223 	175 	143 	167 	111 	131 	119 	167 	175 	227 	207 	179 	143 	147 	87 	79 	51 	43 	
139 	119 	159 	159 	167 	167 	131 	163 	171 	219 	219 	159 	155 	171 	183 	147 	127 	131 	151 	179 	179 	179 	203 	183 	143 	107 	59 	55 	27 	51 	
67 	187 	123 	151 	167 	179 	139 	151 	175 	231 	199 	151 	135 	167 	167 	127 	111 	135 	119 	135 	159 	171 	159 	83 	83 	83 	95 	47 	63 	43 	
43 	107 	103 	115 	143 	179 	159 	123 	155 	199 	191 	191 	179 	99 	147 	147 	171 	119 	135 	159 	171 	163 	139 	111 	95 	39 	63 	95 	103 	71 	
39 	31 	67 	123 	215 	175 	115 	151 	179 	195 	207 	207 	147 	135 	175 	139 	135 	179 	171 	155 	119 	131 	131 	147 	91 	115 	51 	91 	111 	59 	
0 	0 	47 	71 	131 	119 	123 	175 	155 	163 	171 	151 	147 	139 	115 	111 	123 	123 	155 	115 	123 	171 	139 	127 	147 	147 	159 	115 	99 	55 	
0 	0 	0 	55 	115 	163 	199 	191 	151 	199 	155 	171 	171 	127 	123 	131 	155 	163 	111 	131 	203 	171 	163 	135 	155 	143 	179 	103 	99 	91 	
0 	27 	43 	71 	139 	135 	207 	215 	219 	242 	215 	155 	151 	115 	119 	135 	155 	111 	111 	135 	151 	167 	151 	103 	143 	167 	143 	55 	95 	59 	
0 	0 	59 	71 	135 	179 	163 	167 	219 	211 	227 	163 	115 	95 	123 	143 	119 	127 	119 	115 	111 	103 	175 	175 	159 	155 	135 	67 	107 	59 	
0 	0 	123 	155 	115 	143 	191 	187 	250 	211 	151 	123 	159 	175 	167 	115 	91 	135 	87 	87 	99 	75 	115 	95 	119 	111 	107 	119 	71 	0 	
0 	75 	103 	147 	127 	127 	167 	250 	231 	234 	183 	199 	207 	183 	167 	179 	111 	103 	79 	119 	151 	103 	47 	83 	51 	47 	43 	0 	0 	0 	
71 	99 	87 	163 	163 	215 	211 	207 	215 	183 	139 	191 	207 	238 	199 	191 	143 	83 	99 	99 	111 	107 	75 	95 	123 	91 	55 	27 	0 	0 	
91 	99 	155 	199 	179 	219 	199 	171 	215 	171 	167 	171 	167 	199 	191 	175 	143 	67 	95 	83 	103 	115 	95 	119 	139 	59 	67 	67 	35 	0 	
31 	167 	191 	215 	227 	199 	179 	179 	211 	238 	179 	135 	171 	155 	191 	203 	143 	95 	79 	103 	107 	87 	99 	75 	147 	107 	59 	55 	63 	39 	
87 	119 	171 	207 	175 	167 	219 	254 	203 	183 	179 	99 	99 	127 	135 	155 	155 	119 	79 	75 	103 	99 	111 	95 	143 	139 	91 	35 	0 	0 	
87 	139 	135 	219 	203 	187 	211 	238 	254 	215 	131 	31 	79 	83 	95 	123 	155 	131 	95 	107 	95 	115 	115 	99 	159 	111 	107 	83 	31 	23 	
99 	143 	147 	187 	171 	183 	219 	227 	211 	207 	127 	75 	87 	135 	115 	163 	127 	191 	111 	103 	119 	103 	135 	151 	143 	111 	99 	71 	43 	0 	
123 	147 	215 	159 	151 	163 	187 	163 	203 	191 	71 	91 	99 	147 	115 	115 	91 	119 	135 	155 	163 	127 	119 	111 	111 	115 	87 	35 	43 	43 	
115 	159 	163 	163 	155 	155 	191 	203 	159 	167 	159 	147 	143 	99 	99 	95 	143 	147 	167 	191 	199 	127 	91 	79 	51 	31 	0 	0 	0 	35 	
115 	139 	147 	163 	151 	99 	143 	199 	163 	159 	171 	183 	151 	135 	79 	107 	131 	163 	179 	155 	155 	163 	163 	143 	39 	0 	0 	0 	0 	0 	
87 	139 	123 	95 	131 	99 	111 	187 	147 	103 	143 	151 	167 	111 	119 	107 	147 	183 	155 	171 	127 	119 	119 	99 	59 	55 	0 	0 	0 	0 	
79 	95 	123 	119 	115 	107 	123 	171 	207 	155 	163 	195 	171 	111 	115 	159 	163 	159 	191 	199 	195 	143 	111 	51 	23 	0 	0 	0 	0 	0 	
123 	135 	59 	95 	139 	115 	163 	151 	131 	167 	159 	191 	147 	119 	127 	151 	131 	187 	183 	167 	175 	151 	135 	63 	23 	39 	35 	43 	55 	55 	
87 	67 	79 	139 	123 	139 	139 	175 	107 	99 	135 	143 	151 	147 	155 	83 	131 	131 	155 	175 	203 	151 	135 	99 	71 	43 	47 	95 	43 	35 	
