83 	102 	80 	133 	130 	94 	108 	144 	141 	141 	163 	157 	141 	124 	121 	113 	108 	94 	130 	146 	149 	174 	174 	163 	174 	182 	185 	180 	180 	199 	
110 	102 	130 	163 	157 	127 	130 	135 	146 	157 	191 	199 	180 	149 	141 	116 	121 	124 	130 	99 	166 	188 	193 	155 	174 	182 	213 	196 	218 	196 	
88 	146 	135 	149 	138 	133 	144 	135 	160 	180 	199 	210 	193 	171 	141 	133 	127 	124 	163 	174 	196 	227 	199 	180 	180 	182 	221 	227 	205 	207 	
102 	124 	149 	166 	130 	174 	185 	130 	135 	152 	185 	191 	196 	177 	152 	149 	155 	166 	199 	182 	227 	227 	221 	182 	210 	205 	202 	210 	210 	174 	
91 	105 	99 	96 	124 	141 	188 	155 	133 	157 	182 	191 	160 	138 	157 	133 	146 	171 	193 	235 	252 	213 	207 	193 	229 	210 	224 	205 	213 	182 	
47 	85 	110 	124 	146 	121 	185 	160 	169 	157 	163 	185 	157 	105 	99 	113 	116 	171 	182 	213 	199 	182 	216 	249 	232 	213 	182 	146 	141 	127 	
66 	49 	77 	127 	152 	160 	177 	171 	169 	157 	160 	149 	113 	105 	108 	138 	138 	155 	177 	182 	180 	180 	180 	207 	199 	202 	169 	127 	116 	141 	
66 	47 	121 	138 	149 	138 	188 	166 	144 	152 	108 	99 	135 	144 	155 	174 	144 	185 	174 	180 	163 	196 	185 	191 	163 	155 	160 	119 	116 	105 	
60 	88 	94 	121 	133 	133 	185 	149 	124 	138 	102 	160 	135 	149 	188 	180 	182 	163 	149 	166 	160 	177 	180 	166 	116 	182 	152 	121 	113 	124 	
69 	72 	63 	77 	102 	135 	160 	141 	144 	160 	138 	163 	174 	177 	193 	199 	141 	166 	133 	152 	144 	146 	160 	180 	124 	155 	152 	141 	133 	149 	
99 	74 	99 	96 	124 	146 	169 	149 	174 	135 	144 	149 	205 	193 	188 	157 	152 	144 	146 	135 	141 	155 	174 	185 	141 	155 	166 	133 	163 	160 	
110 	119 	121 	113 	138 	155 	157 	163 	149 	155 	135 	177 	193 	210 	191 	182 	166 	157 	152 	166 	182 	182 	171 	185 	157 	157 	149 	149 	185 	193 	
99 	135 	157 	144 	152 	157 	138 	133 	135 	121 	163 	155 	202 	205 	224 	254 	216 	213 	182 	171 	169 	166 	166 	160 	155 	133 	138 	160 	138 	163 	
91 	91 	133 	130 	127 	135 	138 	85 	119 	135 	166 	174 	199 	221 	229 	229 	221 	191 	185 	166 	152 	135 	130 	130 	127 	113 	127 	116 	155 	177 	
83 	94 	110 	141 	135 	152 	102 	102 	113 	133 	174 	171 	169 	205 	216 	213 	218 	218 	174 	149 	141 	157 	119 	127 	96 	80 	58 	94 	169 	166 	
113 	94 	91 	105 	135 	135 	130 	102 	108 	133 	157 	166 	138 	174 	191 	146 	191 	188 	188 	196 	171 	141 	163 	149 	110 	91 	85 	113 	133 	174 	
108 	105 	121 	83 	83 	146 	130 	96 	116 	133 	110 	108 	133 	144 	130 	152 	171 	185 	182 	188 	193 	177 	180 	119 	119 	91 	85 	113 	127 	119 	
69 	99 	119 	83 	96 	155 	119 	105 	144 	116 	110 	99 	127 	146 	138 	157 	152 	166 	216 	213 	207 	188 	149 	135 	119 	96 	80 	55 	27 	0 	
91 	110 	105 	83 	74 	113 	113 	124 	133 	127 	116 	102 	108 	110 	127 	171 	180 	182 	155 	171 	163 	160 	127 	108 	88 	74 	30 	0 	0 	0 	
102 	60 	83 	94 	99 	85 	110 	105 	133 	116 	96 	108 	96 	116 	141 	160 	152 	160 	133 	133 	110 	94 	77 	60 	33 	44 	0 	30 	38 	38 	
110 	119 	66 	96 	113 	110 	124 	94 	124 	121 	99 	121 	91 	121 	119 	144 	149 	124 	80 	77 	94 	47 	44 	47 	49 	22 	22 	30 	80 	66 	
119 	102 	105 	133 	133 	127 	116 	88 	91 	116 	121 	121 	116 	119 	91 	102 	105 	91 	72 	77 	63 	36 	0 	49 	63 	0 	41 	63 	60 	69 	
144 	146 	135 	133 	146 	138 	113 	85 	85 	91 	130 	138 	121 	108 	60 	80 	85 	58 	49 	69 	66 	66 	0 	55 	77 	24 	22 	55 	60 	63 	
144 	141 	157 	152 	138 	121 	105 	85 	58 	116 	121 	127 	116 	110 	69 	58 	36 	41 	49 	69 	60 	52 	63 	44 	30 	27 	0 	72 	72 	88 	
157 	174 	169 	160 	157 	130 	127 	91 	85 	121 	116 	116 	85 	96 	60 	36 	63 	83 	63 	77 	99 	83 	47 	0 	0 	22 	0 	74 	77 	121 	
163 	166 	182 	155 	169 	160 	127 	116 	88 	88 	83 	102 	102 	72 	38 	47 	41 	94 	85 	91 	108 	72 	69 	0 	0 	38 	0 	60 	60 	94 	
180 	188 	207 	185 	185 	155 	169 	133 	119 	85 	99 	60 	74 	60 	41 	30 	30 	58 	58 	27 	85 	102 	77 	44 	41 	33 	44 	55 	80 	83 	
191 	216 	216 	202 	185 	166 	155 	146 	135 	119 	74 	60 	38 	52 	36 	24 	22 	27 	27 	36 	77 	85 	96 	52 	69 	44 	36 	44 	63 	102 	
221 	224 	218 	216 	182 	163 	157 	157 	138 	138 	41 	41 	41 	49 	63 	52 	58 	22 	0 	55 	63 	60 	52 	36 	58 	69 	47 	60 	96 	96 	
188 	210 	224 	216 	199 	174 	163 	138 	124 	110 	49 	38 	49 	63 	33 	44 	63 	22 	0 	0 	69 	41 	49 	41 	49 	77 	52 	91 	99 	77 	
