118 	84 	69 	28 	26 	46 	89 	101 	86 	66 	136 	110 	89 	115 	115 	121 	121 	98 	141 	150 	168 	168 	159 	176 	196 	196 	243 	225 	228 	176 	
118 	110 	84 	40 	49 	55 	34 	55 	52 	81 	124 	124 	101 	92 	127 	162 	139 	141 	133 	127 	185 	196 	220 	225 	208 	202 	231 	243 	234 	202 	
107 	86 	63 	46 	52 	31 	43 	55 	37 	60 	104 	147 	89 	104 	165 	127 	136 	159 	173 	139 	191 	246 	260 	217 	211 	225 	237 	214 	194 	150 	
84 	57 	49 	34 	81 	31 	43 	57 	60 	49 	86 	110 	121 	121 	153 	141 	139 	147 	159 	182 	182 	205 	254 	220 	228 	223 	243 	246 	202 	153 	
92 	95 	57 	37 	104 	92 	40 	31 	37 	26 	63 	86 	89 	121 	127 	147 	141 	127 	176 	202 	191 	156 	170 	211 	243 	234 	240 	295 	249 	173 	
69 	95 	81 	40 	107 	75 	26 	0 	31 	34 	43 	46 	101 	110 	124 	159 	124 	118 	139 	188 	182 	162 	150 	194 	194 	191 	208 	278 	257 	231 	
78 	104 	107 	98 	86 	34 	0 	46 	23 	37 	23 	66 	98 	115 	104 	147 	141 	133 	130 	144 	130 	136 	118 	176 	217 	202 	208 	240 	269 	252 	
124 	139 	107 	101 	107 	63 	69 	34 	31 	28 	49 	66 	104 	112 	130 	159 	139 	162 	156 	153 	127 	159 	173 	228 	223 	225 	220 	182 	214 	223 	
144 	188 	127 	124 	95 	92 	72 	69 	66 	43 	52 	52 	98 	89 	115 	153 	159 	168 	168 	168 	170 	188 	237 	240 	217 	220 	205 	214 	202 	214 	
153 	191 	165 	168 	112 	98 	81 	66 	57 	69 	52 	60 	104 	92 	153 	147 	133 	156 	118 	127 	211 	220 	243 	246 	208 	237 	202 	176 	173 	179 	
159 	202 	165 	136 	92 	60 	60 	81 	69 	69 	81 	84 	101 	104 	139 	139 	141 	156 	121 	168 	208 	217 	182 	220 	208 	191 	208 	168 	156 	162 	
150 	182 	150 	144 	107 	81 	63 	92 	89 	72 	121 	78 	110 	179 	168 	110 	153 	147 	156 	170 	217 	191 	194 	188 	168 	162 	173 	159 	173 	170 	
139 	168 	159 	153 	104 	127 	95 	115 	78 	107 	95 	133 	156 	165 	173 	127 	150 	136 	185 	231 	246 	208 	196 	147 	144 	173 	182 	185 	185 	188 	
118 	110 	133 	136 	139 	139 	110 	121 	107 	92 	104 	139 	168 	173 	179 	136 	170 	150 	156 	225 	223 	208 	243 	237 	168 	196 	214 	191 	185 	176 	
92 	66 	81 	92 	107 	127 	118 	121 	127 	141 	159 	162 	168 	179 	182 	191 	168 	159 	179 	179 	225 	254 	234 	196 	199 	194 	194 	162 	162 	185 	
104 	55 	92 	69 	69 	72 	84 	89 	101 	147 	179 	159 	168 	165 	185 	211 	205 	168 	170 	182 	217 	182 	182 	168 	185 	162 	170 	182 	153 	162 	
98 	98 	110 	78 	69 	75 	110 	98 	92 	130 	139 	133 	153 	150 	202 	217 	199 	173 	188 	165 	182 	150 	141 	150 	179 	196 	141 	165 	165 	170 	
75 	92 	89 	110 	107 	75 	115 	89 	98 	112 	124 	147 	196 	176 	191 	194 	191 	144 	153 	150 	156 	162 	141 	170 	191 	191 	153 	130 	159 	136 	
72 	43 	72 	84 	69 	86 	69 	57 	86 	112 	110 	124 	150 	150 	170 	165 	214 	107 	133 	150 	121 	147 	159 	188 	185 	188 	165 	165 	112 	127 	
66 	66 	75 	84 	72 	101 	69 	72 	60 	130 	147 	141 	179 	150 	130 	153 	144 	139 	147 	147 	124 	104 	147 	144 	170 	199 	202 	176 	162 	153 	
78 	86 	72 	75 	40 	72 	84 	92 	78 	130 	144 	133 	159 	112 	107 	141 	139 	139 	188 	182 	144 	121 	153 	150 	202 	202 	205 	220 	199 	173 	
136 	104 	78 	31 	37 	49 	78 	89 	101 	136 	144 	115 	139 	141 	141 	168 	162 	150 	185 	168 	168 	136 	150 	162 	220 	211 	228 	237 	228 	168 	
153 	124 	112 	69 	28 	60 	84 	92 	81 	133 	127 	107 	147 	162 	179 	208 	170 	118 	150 	188 	176 	170 	147 	168 	217 	217 	260 	205 	191 	170 	
188 	150 	127 	57 	34 	46 	72 	81 	115 	156 	121 	118 	156 	115 	162 	170 	185 	141 	173 	159 	156 	185 	188 	153 	179 	199 	188 	179 	176 	162 	
185 	159 	136 	89 	46 	75 	89 	95 	118 	133 	139 	107 	92 	115 	150 	173 	191 	153 	159 	170 	162 	173 	176 	205 	182 	194 	173 	196 	185 	170 	
150 	133 	127 	118 	89 	115 	101 	92 	101 	101 	107 	98 	110 	110 	153 	144 	133 	165 	185 	159 	176 	208 	208 	208 	220 	196 	194 	196 	162 	133 	
150 	110 	112 	115 	95 	112 	127 	118 	121 	112 	110 	127 	130 	124 	168 	144 	121 	139 	141 	141 	168 	225 	263 	231 	231 	234 	217 	196 	196 	173 	
144 	136 	98 	98 	98 	136 	205 	168 	156 	144 	156 	133 	168 	141 	141 	121 	92 	141 	165 	168 	194 	249 	246 	223 	231 	211 	214 	202 	188 	162 	
139 	130 	110 	127 	118 	176 	202 	211 	156 	176 	136 	150 	144 	147 	121 	150 	133 	156 	179 	147 	194 	208 	234 	234 	214 	223 	194 	205 	194 	141 	
127 	141 	165 	162 	127 	173 	208 	188 	182 	173 	162 	141 	147 	130 	141 	124 	165 	124 	156 	141 	173 	156 	211 	223 	243 	211 	214 	182 	159 	118 	
