173 	165 	156 	141 	136 	147 	133 	124 	153 	147 	153 	133 	144 	168 	156 	101 	107 	121 	133 	133 	159 	147 	141 	133 	159 	147 	115 	101 	60 	69 	
139 	173 	182 	176 	165 	162 	130 	156 	144 	118 	136 	182 	162 	162 	191 	170 	136 	107 	130 	141 	156 	141 	130 	153 	159 	165 	127 	115 	136 	118 	
130 	153 	170 	182 	179 	173 	118 	144 	168 	133 	159 	185 	153 	139 	162 	185 	141 	147 	130 	121 	139 	156 	165 	176 	202 	147 	150 	156 	159 	124 	
84 	127 	168 	194 	159 	170 	196 	179 	159 	168 	202 	159 	153 	150 	153 	150 	182 	170 	147 	147 	112 	165 	182 	191 	182 	173 	173 	170 	156 	170 	
101 	118 	139 	165 	156 	170 	170 	159 	188 	147 	168 	133 	139 	179 	147 	179 	176 	179 	168 	173 	159 	156 	170 	188 	179 	196 	191 	159 	173 	170 	
121 	127 	136 	136 	156 	118 	147 	147 	165 	150 	173 	144 	182 	182 	208 	188 	185 	185 	136 	147 	147 	156 	199 	176 	182 	188 	144 	156 	199 	173 	
133 	115 	139 	156 	110 	133 	124 	110 	101 	107 	141 	170 	208 	196 	211 	194 	191 	191 	162 	156 	136 	199 	217 	214 	191 	159 	182 	179 	179 	194 	
118 	133 	139 	156 	165 	133 	141 	144 	133 	92 	159 	185 	179 	214 	254 	234 	240 	188 	182 	170 	188 	208 	220 	211 	196 	182 	159 	202 	191 	199 	
147 	133 	168 	179 	165 	168 	156 	159 	150 	136 	156 	185 	170 	208 	252 	228 	188 	168 	188 	170 	196 	165 	225 	182 	156 	205 	191 	202 	217 	196 	
168 	139 	176 	176 	202 	176 	173 	196 	168 	168 	188 	150 	185 	205 	225 	228 	199 	188 	162 	176 	168 	196 	182 	173 	179 	196 	191 	228 	194 	199 	
170 	156 	188 	188 	191 	208 	202 	168 	182 	168 	165 	179 	168 	182 	194 	220 	168 	168 	147 	147 	124 	173 	194 	176 	199 	199 	214 	249 	205 	191 	
162 	153 	170 	182 	220 	191 	176 	170 	168 	170 	139 	168 	188 	179 	194 	194 	144 	162 	121 	98 	144 	168 	176 	153 	185 	202 	182 	223 	211 	196 	
182 	182 	211 	168 	191 	176 	182 	150 	162 	139 	141 	173 	159 	153 	115 	147 	141 	144 	141 	130 	150 	124 	170 	144 	136 	182 	211 	217 	202 	188 	
225 	191 	165 	168 	150 	170 	141 	150 	144 	150 	118 	144 	153 	124 	144 	144 	136 	136 	136 	147 	179 	133 	124 	147 	165 	176 	176 	176 	205 	156 	
243 	196 	176 	165 	144 	130 	165 	115 	121 	107 	107 	153 	133 	133 	133 	159 	133 	118 	133 	159 	182 	173 	136 	196 	159 	165 	225 	214 	188 	150 	
176 	182 	162 	147 	130 	139 	144 	141 	130 	69 	98 	81 	115 	127 	156 	127 	124 	127 	98 	153 	159 	168 	188 	156 	159 	188 	202 	231 	196 	179 	
173 	147 	130 	130 	127 	141 	124 	101 	101 	84 	84 	84 	98 	112 	81 	110 	101 	153 	127 	147 	147 	139 	153 	182 	176 	179 	214 	205 	202 	162 	
141 	139 	130 	144 	127 	156 	98 	98 	78 	84 	118 	84 	75 	55 	60 	89 	89 	112 	121 	144 	133 	150 	150 	182 	188 	168 	141 	176 	179 	185 	
104 	141 	133 	147 	139 	133 	118 	112 	101 	66 	92 	95 	52 	57 	40 	52 	110 	133 	98 	98 	115 	130 	141 	179 	150 	153 	118 	110 	139 	170 	
112 	141 	139 	110 	153 	95 	104 	95 	75 	124 	84 	69 	75 	66 	69 	63 	101 	139 	121 	98 	115 	139 	150 	165 	130 	162 	136 	121 	159 	127 	
141 	133 	150 	133 	115 	124 	78 	81 	104 	101 	84 	92 	57 	78 	81 	84 	84 	159 	141 	156 	139 	81 	72 	127 	141 	194 	173 	127 	147 	133 	
115 	92 	127 	130 	144 	92 	69 	46 	84 	92 	112 	98 	69 	101 	110 	92 	84 	139 	141 	159 	118 	107 	101 	121 	159 	173 	182 	162 	144 	136 	
98 	86 	89 	92 	72 	57 	28 	63 	69 	60 	78 	107 	72 	92 	95 	89 	78 	98 	170 	150 	141 	127 	107 	150 	156 	194 	208 	173 	112 	121 	
86 	75 	86 	75 	63 	49 	28 	57 	55 	78 	92 	84 	86 	95 	101 	60 	55 	89 	133 	139 	133 	104 	130 	118 	107 	173 	176 	165 	121 	112 	
57 	63 	78 	60 	57 	0 	0 	40 	46 	23 	43 	78 	75 	95 	57 	34 	37 	89 	150 	162 	115 	118 	115 	115 	144 	136 	141 	136 	107 	78 	
84 	60 	57 	49 	31 	0 	0 	37 	0 	34 	46 	104 	63 	66 	66 	57 	52 	72 	159 	141 	150 	156 	139 	139 	153 	153 	141 	168 	89 	72 	
40 	37 	43 	75 	26 	0 	0 	28 	37 	40 	52 	75 	55 	26 	46 	69 	78 	98 	130 	150 	156 	153 	150 	182 	144 	176 	147 	115 	107 	69 	
63 	72 	84 	43 	23 	0 	0 	40 	49 	52 	72 	66 	52 	66 	86 	86 	101 	127 	179 	211 	199 	194 	211 	220 	176 	223 	162 	112 	75 	84 	
112 	95 	75 	28 	0 	0 	31 	86 	127 	78 	75 	78 	69 	57 	55 	89 	136 	133 	112 	188 	208 	228 	231 	225 	205 	211 	156 	98 	78 	63 	
107 	104 	63 	43 	26 	0 	0 	52 	98 	69 	84 	92 	89 	46 	69 	55 	104 	144 	121 	150 	225 	214 	223 	191 	202 	188 	150 	150 	136 	72 	
