66 	59 	55 	0 	0 	40 	25 	66 	48 	77 	59 	55 	33 	40 	73 	88 	51 	59 	0 	44 	22 	70 	84 	107 	173 	217 	240 	247 	236 	236 	
29 	107 	73 	29 	96 	66 	66 	33 	40 	70 	66 	55 	66 	51 	0 	48 	51 	81 	107 	66 	33 	66 	103 	129 	147 	225 	240 	247 	199 	236 	
84 	103 	88 	44 	62 	62 	48 	51 	59 	66 	51 	59 	81 	88 	51 	70 	88 	81 	107 	77 	81 	84 	92 	132 	166 	203 	225 	214 	206 	221 	
103 	92 	92 	62 	99 	44 	107 	96 	99 	0 	29 	0 	44 	70 	73 	103 	96 	121 	132 	92 	114 	132 	88 	132 	177 	184 	217 	221 	225 	192 	
151 	96 	92 	96 	84 	81 	110 	132 	81 	44 	25 	22 	44 	59 	70 	103 	121 	107 	103 	81 	88 	132 	162 	162 	181 	210 	206 	240 	214 	177 	
129 	162 	110 	110 	88 	62 	107 	118 	84 	62 	22 	40 	36 	0 	25 	62 	99 	103 	55 	92 	103 	129 	140 	125 	188 	221 	236 	206 	217 	158 	
84 	125 	81 	73 	110 	88 	92 	55 	70 	66 	29 	36 	51 	40 	25 	51 	77 	48 	70 	84 	118 	99 	162 	136 	173 	210 	269 	236 	173 	206 	
70 	66 	107 	110 	103 	81 	0 	55 	62 	51 	22 	22 	0 	0 	0 	70 	59 	48 	107 	99 	81 	96 	147 	169 	206 	225 	210 	247 	203 	195 	
73 	88 	92 	92 	81 	73 	51 	88 	33 	51 	36 	33 	36 	70 	81 	103 	136 	88 	92 	73 	77 	125 	166 	173 	195 	254 	240 	277 	221 	240 	
99 	121 	155 	92 	66 	110 	92 	55 	77 	88 	0 	22 	70 	70 	40 	129 	155 	114 	84 	99 	103 	169 	192 	188 	232 	240 	273 	254 	265 	210 	
125 	155 	129 	62 	77 	73 	110 	103 	73 	84 	44 	0 	66 	103 	44 	81 	66 	77 	103 	48 	81 	140 	181 	221 	206 	217 	254 	254 	262 	229 	
110 	84 	103 	96 	55 	70 	62 	88 	70 	114 	92 	99 	62 	144 	103 	99 	77 	103 	118 	92 	62 	99 	125 	173 	195 	229 	192 	188 	210 	199 	
99 	62 	66 	70 	66 	73 	99 	107 	81 	77 	84 	55 	88 	77 	84 	140 	155 	162 	136 	103 	77 	103 	151 	166 	147 	192 	192 	181 	151 	195 	
70 	62 	81 	96 	99 	88 	125 	173 	132 	77 	114 	96 	59 	73 	107 	140 	169 	147 	140 	118 	59 	59 	155 	158 	195 	147 	158 	155 	132 	136 	
66 	66 	88 	103 	103 	107 	140 	110 	132 	110 	99 	77 	77 	96 	132 	151 	147 	147 	121 	73 	84 	92 	169 	151 	140 	129 	136 	158 	147 	110 	
84 	70 	88 	77 	121 	144 	132 	151 	110 	110 	73 	62 	66 	107 	140 	155 	144 	147 	110 	70 	73 	99 	147 	169 	88 	125 	110 	118 	107 	88 	
66 	88 	96 	73 	66 	121 	103 	147 	125 	96 	40 	29 	99 	99 	121 	177 	144 	118 	132 	81 	121 	92 	132 	144 	125 	99 	70 	70 	99 	92 	
59 	81 	92 	92 	62 	136 	96 	84 	62 	40 	25 	33 	73 	99 	103 	70 	66 	70 	81 	129 	84 	125 	129 	158 	132 	66 	73 	0 	55 	70 	
25 	81 	92 	107 	59 	81 	73 	40 	36 	62 	59 	59 	92 	110 	96 	103 	70 	62 	70 	92 	62 	121 	110 	121 	59 	88 	125 	96 	48 	88 	
0 	48 	114 	107 	125 	107 	62 	0 	55 	66 	51 	88 	59 	92 	88 	92 	88 	48 	73 	114 	110 	114 	132 	110 	81 	81 	129 	125 	166 	173 	
44 	55 	84 	166 	144 	118 	55 	22 	40 	70 	110 	96 	96 	125 	118 	84 	88 	81 	121 	70 	66 	121 	129 	92 	77 	96 	88 	114 	184 	158 	
48 	84 	110 	140 	121 	88 	36 	40 	59 	51 	77 	70 	62 	99 	92 	73 	81 	70 	96 	73 	55 	103 	81 	118 	84 	77 	77 	136 	158 	110 	
121 	192 	155 	144 	155 	107 	59 	51 	59 	84 	0 	0 	25 	62 	73 	81 	92 	84 	132 	114 	96 	59 	77 	88 	99 	129 	136 	177 	129 	125 	
88 	121 	151 	199 	169 	125 	110 	66 	0 	0 	0 	0 	0 	22 	103 	110 	107 	125 	140 	155 	99 	107 	147 	147 	236 	221 	236 	217 	210 	144 	
96 	88 	151 	158 	140 	110 	118 	84 	40 	25 	29 	48 	73 	70 	62 	59 	110 	136 	92 	96 	121 	125 	114 	162 	214 	206 	206 	243 	188 	184 	
96 	121 	140 	132 	110 	173 	184 	114 	77 	55 	66 	84 	0 	0 	40 	62 	66 	103 	96 	51 	73 	147 	158 	184 	225 	251 	251 	217 	181 	114 	
136 	136 	162 	199 	166 	177 	184 	88 	73 	48 	96 	66 	77 	25 	59 	0 	73 	129 	99 	103 	103 	129 	118 	158 	206 	258 	217 	210 	173 	206 	
136 	162 	144 	162 	195 	206 	169 	110 	51 	66 	84 	77 	66 	51 	48 	25 	33 	92 	81 	55 	51 	118 	166 	144 	158 	192 	192 	203 	214 	210 	
158 	181 	214 	217 	229 	158 	132 	77 	44 	62 	81 	73 	84 	55 	62 	55 	59 	48 	62 	55 	22 	77 	140 	129 	181 	155 	181 	192 	192 	199 	
125 	166 	184 	232 	192 	173 	151 	99 	59 	0 	33 	59 	70 	92 	103 	77 	25 	51 	40 	0 	22 	0 	59 	140 	158 	199 	188 	151 	195 	217 	
