80 	47 	49 	47 	27 	69 	60 	47 	60 	24 	69 	80 	77 	83 	127 	146 	188 	135 	135 	155 	144 	152 	146 	133 	116 	124 	149 	138 	135 	127 	
88 	83 	66 	94 	74 	66 	63 	80 	60 	94 	99 	94 	83 	108 	146 	177 	207 	180 	146 	133 	135 	155 	155 	177 	149 	174 	177 	160 	138 	141 	
77 	110 	110 	99 	91 	69 	74 	94 	99 	108 	130 	127 	88 	121 	174 	199 	196 	149 	141 	144 	146 	146 	166 	196 	171 	177 	188 	188 	182 	180 	
85 	108 	119 	74 	77 	83 	121 	121 	144 	174 	171 	124 	105 	163 	157 	191 	191 	177 	152 	144 	180 	188 	196 	182 	166 	177 	191 	202 	199 	193 	
121 	152 	146 	105 	105 	110 	163 	155 	171 	169 	182 	127 	133 	152 	155 	191 	210 	177 	116 	130 	188 	166 	171 	149 	188 	182 	196 	185 	180 	180 	
141 	152 	146 	146 	124 	144 	174 	193 	199 	160 	144 	135 	119 	171 	202 	207 	180 	169 	152 	177 	207 	180 	174 	157 	174 	180 	155 	182 	191 	182 	
138 	146 	135 	152 	163 	174 	191 	155 	169 	174 	163 	163 	138 	149 	166 	171 	163 	185 	169 	205 	177 	180 	149 	133 	155 	169 	193 	163 	180 	188 	
124 	105 	135 	110 	149 	163 	180 	144 	144 	180 	130 	141 	108 	146 	146 	169 	182 	196 	202 	210 	185 	196 	199 	157 	171 	180 	182 	174 	152 	182 	
88 	99 	133 	130 	152 	157 	155 	121 	130 	149 	124 	127 	113 	124 	146 	182 	210 	205 	227 	193 	202 	213 	202 	199 	152 	163 	177 	188 	157 	196 	
102 	102 	127 	157 	182 	146 	124 	121 	102 	124 	130 	133 	133 	152 	169 	185 	207 	232 	210 	205 	216 	227 	180 	205 	127 	102 	130 	157 	152 	155 	
113 	108 	110 	124 	163 	135 	127 	102 	113 	160 	149 	180 	116 	124 	155 	205 	216 	224 	216 	210 	191 	169 	174 	163 	138 	149 	152 	127 	149 	141 	
88 	110 	94 	127 	116 	160 	116 	113 	121 	135 	149 	144 	135 	149 	146 	163 	185 	174 	171 	193 	191 	182 	171 	160 	163 	138 	180 	141 	146 	130 	
127 	113 	121 	99 	91 	152 	110 	116 	141 	155 	146 	182 	149 	133 	171 	177 	169 	138 	146 	157 	169 	174 	182 	191 	144 	157 	152 	141 	144 	135 	
130 	152 	127 	135 	116 	138 	163 	155 	155 	169 	152 	169 	155 	146 	146 	174 	119 	124 	149 	177 	166 	155 	171 	149 	130 	135 	141 	169 	149 	146 	
108 	113 	121 	155 	124 	138 	149 	155 	163 	171 	174 	185 	177 	171 	155 	152 	152 	113 	163 	171 	180 	171 	166 	133 	149 	110 	146 	174 	174 	152 	
113 	124 	121 	121 	138 	124 	110 	130 	196 	196 	191 	193 	207 	182 	202 	188 	180 	152 	169 	144 	171 	171 	205 	127 	119 	144 	155 	166 	177 	149 	
121 	138 	113 	108 	108 	116 	138 	171 	193 	205 	213 	202 	182 	193 	221 	207 	216 	180 	155 	163 	182 	207 	185 	177 	199 	169 	138 	163 	155 	133 	
113 	119 	124 	58 	88 	94 	119 	127 	155 	180 	182 	191 	202 	229 	216 	207 	191 	163 	182 	232 	254 	221 	207 	207 	199 	152 	133 	196 	163 	116 	
108 	94 	138 	124 	113 	110 	102 	108 	146 	166 	163 	193 	185 	202 	210 	171 	182 	149 	171 	216 	235 	218 	182 	174 	155 	160 	163 	174 	174 	160 	
74 	60 	105 	124 	96 	96 	105 	74 	119 	108 	130 	171 	182 	202 	163 	174 	141 	144 	182 	196 	202 	174 	163 	152 	146 	155 	177 	171 	160 	169 	
66 	74 	91 	88 	99 	85 	49 	88 	94 	88 	91 	135 	141 	174 	133 	155 	144 	152 	191 	193 	169 	163 	185 	182 	169 	182 	185 	196 	202 	160 	
66 	77 	83 	94 	102 	66 	0 	22 	63 	94 	85 	110 	110 	99 	141 	152 	169 	205 	196 	191 	205 	185 	213 	207 	196 	196 	227 	249 	238 	199 	
113 	152 	91 	105 	110 	63 	0 	0 	69 	91 	102 	113 	121 	121 	163 	149 	180 	232 	213 	229 	221 	205 	202 	191 	180 	177 	205 	260 	243 	243 	
130 	130 	102 	91 	72 	44 	33 	0 	27 	55 	85 	108 	113 	124 	141 	133 	174 	202 	221 	232 	249 	243 	199 	180 	166 	185 	249 	263 	263 	252 	
130 	119 	110 	102 	60 	55 	41 	27 	72 	27 	72 	74 	91 	113 	133 	133 	149 	196 	202 	207 	235 	238 	205 	177 	177 	191 	229 	263 	213 	216 	
146 	124 	138 	83 	96 	102 	55 	36 	72 	44 	66 	66 	88 	135 	133 	157 	185 	229 	191 	216 	218 	227 	193 	191 	221 	207 	207 	193 	207 	185 	
171 	124 	116 	110 	124 	110 	60 	66 	55 	72 	80 	91 	94 	116 	155 	207 	157 	182 	169 	149 	188 	185 	193 	196 	193 	229 	249 	232 	196 	202 	
135 	121 	105 	85 	135 	116 	99 	47 	63 	72 	102 	88 	94 	108 	135 	141 	135 	155 	133 	121 	119 	169 	174 	185 	199 	235 	249 	243 	224 	202 	
160 	155 	130 	99 	85 	74 	80 	66 	74 	69 	108 	121 	124 	105 	94 	99 	88 	88 	124 	110 	102 	144 	157 	180 	163 	196 	229 	254 	227 	218 	
157 	163 	130 	108 	94 	63 	83 	102 	72 	52 	72 	88 	124 	102 	94 	72 	74 	85 	121 	138 	144 	144 	124 	121 	141 	180 	202 	246 	221 	218 	
