119 	111 	79 	69 	90 	84 	61 	53 	29 	58 	108 	116 	132 	114 	116 	106 	127 	116 	140 	119 	154 	177 	172 	209 	180 	175 	204 	225 	207 	193 	
130 	106 	82 	95 	66 	63 	84 	45 	47 	77 	114 	146 	161 	143 	146 	154 	161 	127 	114 	135 	151 	156 	175 	212 	233 	220 	239 	236 	220 	207 	
116 	87 	106 	103 	79 	53 	82 	71 	71 	95 	132 	143 	188 	164 	164 	130 	146 	116 	92 	111 	167 	175 	185 	241 	228 	228 	281 	262 	220 	193 	
130 	119 	71 	103 	95 	66 	69 	66 	58 	92 	108 	156 	167 	148 	132 	111 	103 	92 	114 	116 	167 	177 	207 	220 	223 	254 	276 	249 	252 	236 	
140 	132 	90 	87 	124 	82 	47 	63 	53 	69 	98 	116 	130 	130 	111 	79 	66 	103 	98 	116 	167 	177 	201 	228 	260 	268 	270 	228 	228 	233 	
106 	114 	114 	90 	61 	84 	53 	58 	42 	45 	71 	79 	100 	92 	100 	135 	124 	143 	127 	169 	172 	193 	209 	199 	249 	254 	239 	199 	215 	215 	
103 	119 	87 	63 	66 	79 	45 	34 	0 	42 	84 	95 	114 	106 	82 	106 	140 	167 	167 	172 	177 	191 	196 	215 	209 	231 	241 	201 	201 	185 	
154 	124 	95 	92 	69 	61 	34 	0 	0 	0 	50 	63 	82 	95 	71 	82 	124 	175 	175 	167 	188 	220 	233 	207 	223 	220 	244 	236 	241 	228 	
140 	135 	87 	90 	98 	74 	55 	21 	37 	0 	58 	77 	87 	98 	66 	69 	143 	172 	199 	164 	204 	212 	225 	183 	196 	215 	225 	233 	270 	270 	
143 	143 	77 	71 	77 	77 	79 	77 	71 	26 	31 	79 	95 	87 	111 	84 	161 	175 	159 	185 	204 	215 	201 	191 	207 	212 	228 	220 	270 	281 	
122 	143 	79 	116 	84 	92 	84 	58 	42 	42 	39 	84 	92 	74 	116 	124 	143 	156 	177 	215 	225 	207 	180 	191 	199 	217 	223 	246 	228 	252 	
127 	106 	84 	106 	92 	92 	69 	37 	47 	58 	66 	77 	92 	108 	146 	116 	111 	169 	188 	233 	209 	196 	193 	188 	172 	148 	183 	217 	225 	231 	
132 	138 	116 	114 	108 	103 	98 	42 	55 	69 	69 	84 	69 	108 	138 	111 	130 	177 	225 	228 	217 	201 	199 	201 	177 	183 	169 	217 	231 	201 	
127 	98 	95 	151 	127 	116 	84 	50 	55 	66 	58 	84 	63 	119 	148 	167 	183 	212 	220 	228 	220 	199 	175 	169 	177 	196 	220 	159 	180 	175 	
106 	58 	92 	87 	103 	130 	106 	74 	58 	63 	79 	55 	71 	111 	138 	130 	169 	180 	231 	231 	231 	161 	132 	132 	167 	172 	177 	164 	175 	177 	
111 	87 	95 	95 	98 	148 	119 	63 	90 	98 	98 	61 	66 	103 	111 	140 	154 	154 	201 	223 	207 	156 	148 	132 	156 	151 	140 	156 	132 	124 	
98 	106 	77 	92 	164 	164 	151 	116 	130 	124 	132 	92 	100 	124 	146 	191 	167 	188 	191 	175 	156 	148 	161 	138 	159 	151 	119 	111 	106 	138 	
87 	100 	100 	95 	154 	183 	143 	138 	138 	140 	146 	116 	98 	124 	183 	172 	191 	233 	228 	175 	135 	143 	159 	156 	172 	188 	114 	108 	92 	119 	
77 	82 	148 	122 	161 	167 	183 	143 	146 	156 	148 	151 	138 	106 	140 	164 	172 	180 	212 	185 	164 	151 	146 	148 	148 	164 	127 	106 	111 	90 	
55 	124 	122 	138 	169 	169 	177 	159 	122 	130 	143 	169 	124 	127 	161 	135 	148 	185 	185 	172 	172 	169 	180 	185 	154 	135 	119 	98 	103 	66 	
71 	119 	151 	156 	148 	159 	169 	164 	122 	108 	130 	122 	106 	95 	127 	124 	127 	135 	148 	164 	164 	159 	183 	146 	138 	108 	130 	103 	58 	61 	
108 	119 	138 	148 	148 	156 	156 	167 	127 	130 	143 	114 	100 	116 	124 	106 	143 	146 	161 	154 	188 	183 	169 	119 	111 	84 	87 	82 	66 	58 	
154 	156 	159 	156 	167 	148 	135 	135 	130 	130 	124 	108 	98 	108 	98 	124 	156 	183 	191 	156 	172 	175 	119 	106 	111 	103 	95 	71 	39 	50 	
183 	183 	161 	169 	188 	138 	146 	114 	127 	108 	106 	95 	108 	100 	114 	114 	127 	148 	183 	148 	185 	148 	151 	135 	127 	135 	138 	106 	98 	92 	
169 	180 	169 	167 	175 	191 	180 	151 	106 	111 	116 	106 	106 	106 	127 	124 	111 	111 	161 	169 	180 	177 	159 	154 	138 	148 	159 	146 	140 	127 	
143 	191 	204 	201 	164 	193 	138 	132 	122 	130 	138 	132 	130 	108 	132 	140 	130 	146 	151 	191 	169 	167 	154 	132 	148 	159 	140 	154 	164 	132 	
143 	185 	199 	204 	183 	172 	169 	151 	167 	151 	151 	148 	140 	148 	130 	146 	130 	143 	167 	175 	207 	177 	140 	148 	154 	185 	196 	169 	164 	167 	
135 	135 	188 	188 	201 	185 	167 	159 	154 	164 	193 	177 	169 	167 	138 	151 	156 	138 	132 	161 	196 	164 	143 	122 	151 	164 	175 	185 	175 	146 	
154 	148 	156 	167 	188 	188 	177 	161 	148 	164 	175 	154 	167 	185 	167 	183 	188 	209 	177 	154 	127 	148 	130 	122 	154 	130 	159 	172 	180 	135 	
164 	138 	172 	159 	161 	148 	135 	124 	127 	151 	167 	159 	169 	185 	183 	180 	199 	191 	191 	172 	167 	140 	169 	151 	154 	151 	140 	169 	164 	148 	
