0 	0 	74 	81 	55 	0 	31 	36 	0 	0 	0 	0 	0 	21 	33 	0 	26 	40 	24 	0 	21 	24 	24 	0 	0 	0 	0 	38 	0 	26 	
0 	28 	45 	64 	31 	31 	48 	24 	43 	0 	0 	0 	26 	31 	33 	48 	40 	0 	36 	26 	0 	43 	26 	0 	0 	0 	0 	0 	0 	26 	
0 	0 	0 	31 	50 	21 	24 	0 	26 	0 	0 	31 	28 	0 	48 	79 	45 	33 	36 	28 	43 	62 	38 	24 	28 	0 	0 	0 	0 	0 	
0 	0 	0 	0 	0 	36 	48 	28 	0 	57 	38 	24 	33 	36 	69 	79 	88 	64 	45 	64 	64 	64 	55 	60 	45 	0 	0 	0 	28 	24 	
0 	0 	0 	0 	28 	21 	43 	40 	69 	84 	40 	43 	60 	101 	84 	60 	93 	81 	79 	43 	67 	72 	81 	72 	55 	40 	26 	0 	0 	0 	
0 	0 	0 	0 	21 	36 	57 	60 	67 	103 	72 	84 	55 	86 	74 	62 	48 	69 	57 	72 	52 	62 	67 	57 	91 	81 	48 	40 	45 	81 	
0 	0 	0 	0 	0 	0 	40 	72 	93 	101 	115 	91 	74 	101 	74 	67 	52 	43 	57 	69 	74 	91 	88 	105 	88 	74 	50 	79 	86 	60 	
0 	0 	0 	0 	0 	0 	55 	91 	103 	105 	113 	98 	105 	81 	88 	64 	67 	52 	74 	79 	103 	103 	113 	98 	88 	91 	98 	108 	93 	69 	
0 	0 	24 	0 	0 	0 	57 	72 	103 	108 	125 	122 	117 	96 	93 	38 	40 	48 	52 	76 	105 	127 	153 	137 	105 	117 	125 	110 	88 	64 	
0 	0 	0 	0 	0 	0 	21 	48 	88 	120 	117 	110 	96 	79 	88 	38 	55 	45 	72 	120 	120 	163 	149 	132 	132 	139 	125 	132 	88 	120 	
0 	26 	28 	33 	0 	0 	0 	72 	62 	81 	88 	64 	74 	64 	36 	38 	57 	64 	108 	122 	146 	175 	165 	149 	125 	127 	153 	129 	120 	151 	
0 	0 	0 	0 	0 	0 	50 	40 	0 	33 	40 	62 	69 	69 	74 	74 	86 	113 	122 	165 	139 	163 	177 	180 	134 	129 	158 	141 	132 	120 	
0 	24 	0 	0 	0 	31 	79 	67 	38 	67 	74 	91 	81 	57 	45 	79 	74 	110 	132 	161 	199 	175 	214 	204 	168 	173 	182 	161 	156 	141 	
26 	26 	0 	0 	0 	36 	55 	69 	98 	55 	64 	88 	91 	115 	91 	101 	103 	127 	151 	173 	223 	197 	211 	214 	226 	206 	216 	199 	156 	125 	
26 	36 	0 	0 	40 	52 	43 	24 	57 	55 	84 	91 	108 	86 	88 	76 	96 	105 	182 	187 	226 	199 	226 	206 	235 	218 	202 	204 	165 	129 	
0 	0 	0 	0 	36 	50 	57 	48 	38 	72 	91 	74 	91 	93 	108 	96 	117 	151 	173 	161 	199 	194 	204 	206 	233 	216 	204 	197 	175 	144 	
0 	0 	45 	24 	0 	26 	38 	45 	0 	40 	62 	64 	69 	76 	76 	120 	110 	139 	170 	175 	199 	161 	199 	185 	192 	202 	192 	240 	204 	163 	
0 	57 	52 	45 	0 	0 	0 	45 	55 	40 	55 	96 	62 	40 	67 	132 	141 	163 	194 	218 	194 	177 	187 	177 	187 	209 	163 	182 	177 	161 	
38 	62 	96 	84 	40 	38 	38 	52 	52 	55 	48 	88 	67 	74 	103 	127 	153 	192 	254 	230 	228 	197 	223 	199 	173 	180 	185 	158 	151 	149 	
74 	101 	101 	96 	86 	74 	52 	76 	96 	76 	101 	110 	84 	76 	101 	141 	168 	187 	228 	250 	233 	216 	199 	199 	180 	204 	190 	177 	144 	137 	
96 	146 	144 	125 	125 	113 	91 	88 	103 	79 	98 	117 	98 	115 	134 	151 	175 	185 	228 	238 	250 	202 	202 	197 	187 	185 	197 	175 	170 	177 	
105 	161 	146 	165 	129 	113 	141 	127 	108 	86 	105 	105 	117 	127 	144 	139 	177 	187 	218 	218 	199 	197 	197 	230 	211 	199 	185 	202 	202 	173 	
117 	137 	146 	161 	149 	149 	129 	110 	96 	84 	96 	122 	122 	132 	105 	153 	163 	165 	214 	214 	187 	221 	204 	221 	211 	235 	221 	226 	204 	204 	
93 	125 	175 	146 	127 	132 	132 	127 	141 	113 	88 	110 	113 	132 	129 	117 	120 	153 	175 	185 	192 	211 	194 	209 	230 	235 	202 	192 	197 	202 	
103 	141 	161 	132 	120 	144 	139 	132 	125 	117 	67 	113 	115 	101 	98 	125 	105 	158 	149 	175 	197 	197 	199 	199 	228 	216 	223 	233 	218 	180 	
115 	122 	141 	141 	122 	127 	125 	110 	105 	98 	86 	91 	108 	115 	125 	127 	139 	151 	132 	134 	177 	165 	190 	202 	194 	204 	204 	218 	214 	202 	
84 	110 	144 	137 	132 	101 	103 	93 	108 	105 	69 	103 	79 	76 	127 	158 	144 	115 	115 	132 	163 	141 	175 	158 	173 	158 	187 	170 	163 	153 	
84 	105 	149 	141 	117 	86 	88 	108 	79 	74 	62 	57 	0 	48 	69 	105 	93 	144 	137 	110 	139 	127 	144 	156 	151 	161 	139 	149 	134 	108 	
98 	113 	127 	120 	98 	55 	91 	91 	69 	64 	33 	0 	36 	24 	45 	103 	117 	134 	103 	120 	156 	81 	156 	115 	129 	115 	117 	122 	139 	113 	
93 	113 	117 	110 	69 	84 	74 	72 	74 	45 	0 	0 	36 	40 	38 	79 	110 	113 	117 	146 	146 	129 	129 	101 	117 	96 	91 	108 	125 	129 	
