50 	60 	72 	86 	110 	101 	125 	158 	156 	163 	170 	168 	170 	185 	177 	194 	199 	185 	156 	151 	182 	211 	190 	163 	134 	137 	110 	117 	115 	117 	
62 	64 	76 	64 	103 	110 	117 	129 	153 	202 	197 	209 	228 	204 	214 	214 	192 	187 	199 	221 	228 	216 	187 	182 	158 	144 	117 	108 	108 	134 	
67 	74 	64 	74 	122 	98 	125 	134 	163 	199 	216 	240 	230 	182 	206 	240 	223 	209 	206 	228 	197 	209 	182 	192 	149 	125 	103 	76 	105 	86 	
88 	67 	48 	57 	120 	125 	153 	132 	170 	177 	218 	238 	226 	206 	209 	214 	209 	223 	218 	206 	175 	168 	144 	168 	158 	141 	103 	93 	96 	103 	
108 	76 	21 	81 	122 	129 	141 	144 	170 	214 	226 	254 	228 	204 	221 	211 	233 	209 	187 	182 	141 	146 	158 	149 	153 	149 	113 	103 	132 	151 	
117 	101 	122 	122 	120 	117 	137 	125 	180 	228 	226 	252 	254 	214 	175 	216 	226 	192 	163 	158 	161 	173 	149 	139 	149 	149 	129 	151 	153 	180 	
91 	127 	129 	120 	139 	146 	129 	103 	158 	206 	209 	209 	197 	204 	170 	202 	185 	168 	165 	194 	177 	156 	158 	115 	144 	134 	144 	161 	173 	185 	
98 	103 	120 	151 	141 	139 	134 	129 	144 	182 	209 	218 	206 	192 	185 	211 	182 	149 	190 	173 	197 	168 	153 	151 	137 	127 	173 	187 	190 	194 	
52 	125 	127 	161 	153 	149 	151 	146 	161 	185 	182 	165 	190 	199 	194 	206 	202 	185 	175 	192 	168 	144 	151 	161 	141 	151 	185 	187 	206 	202 	
76 	120 	153 	156 	165 	132 	141 	151 	125 	132 	113 	185 	173 	180 	187 	199 	180 	192 	182 	197 	187 	175 	161 	170 	170 	165 	197 	161 	190 	165 	
50 	81 	132 	151 	149 	105 	120 	120 	120 	117 	98 	122 	144 	206 	197 	202 	170 	192 	185 	180 	192 	192 	175 	194 	187 	190 	182 	175 	158 	137 	
31 	84 	91 	98 	113 	101 	115 	108 	101 	101 	105 	84 	117 	199 	233 	197 	190 	202 	173 	194 	187 	192 	185 	177 	168 	177 	165 	149 	122 	115 	
52 	52 	91 	117 	122 	105 	132 	103 	76 	91 	103 	103 	105 	173 	197 	206 	204 	202 	175 	163 	170 	149 	165 	173 	170 	173 	165 	132 	117 	103 	
0 	24 	57 	129 	127 	108 	113 	84 	108 	139 	149 	139 	125 	134 	165 	211 	194 	177 	170 	199 	187 	182 	170 	165 	190 	187 	173 	141 	132 	98 	
40 	31 	67 	117 	110 	137 	125 	96 	91 	110 	117 	120 	141 	129 	151 	165 	149 	144 	146 	175 	180 	194 	180 	192 	185 	180 	141 	134 	117 	101 	
21 	36 	69 	101 	127 	141 	141 	105 	81 	98 	117 	132 	108 	139 	165 	141 	110 	117 	127 	117 	149 	165 	165 	170 	192 	165 	139 	98 	105 	88 	
24 	36 	55 	93 	98 	127 	96 	76 	98 	117 	120 	113 	117 	139 	146 	158 	129 	96 	103 	115 	125 	146 	129 	137 	149 	132 	98 	81 	113 	117 	
28 	43 	48 	62 	88 	103 	86 	93 	110 	96 	117 	117 	151 	151 	125 	129 	122 	129 	108 	122 	134 	149 	149 	141 	108 	113 	115 	110 	115 	81 	
40 	40 	28 	72 	108 	79 	105 	98 	88 	88 	86 	110 	132 	165 	132 	122 	120 	120 	137 	115 	101 	137 	108 	91 	74 	60 	113 	103 	101 	96 	
26 	33 	0 	62 	76 	108 	120 	122 	62 	86 	72 	105 	125 	146 	151 	101 	101 	122 	115 	98 	86 	88 	93 	67 	43 	57 	45 	45 	86 	101 	
21 	0 	36 	64 	81 	101 	108 	105 	113 	67 	64 	74 	88 	93 	132 	134 	113 	134 	120 	96 	72 	98 	79 	60 	48 	52 	43 	64 	69 	86 	
0 	0 	0 	0 	50 	72 	91 	103 	64 	48 	69 	74 	74 	98 	108 	125 	120 	91 	93 	76 	55 	67 	64 	38 	40 	60 	43 	45 	31 	76 	
50 	50 	60 	43 	45 	67 	115 	84 	55 	50 	40 	33 	50 	43 	79 	117 	105 	88 	67 	60 	38 	31 	33 	43 	67 	40 	40 	48 	38 	43 	
76 	72 	79 	57 	43 	0 	33 	38 	28 	76 	57 	24 	28 	57 	84 	108 	108 	81 	60 	50 	50 	52 	40 	45 	69 	40 	60 	33 	24 	21 	
40 	52 	43 	50 	57 	0 	0 	28 	0 	38 	38 	28 	26 	31 	67 	91 	91 	113 	50 	45 	81 	57 	52 	72 	74 	38 	50 	33 	0 	0 	
0 	62 	81 	50 	0 	0 	0 	0 	0 	0 	38 	55 	40 	36 	57 	81 	96 	101 	74 	45 	64 	72 	81 	84 	72 	64 	43 	21 	0 	0 	
45 	50 	48 	21 	0 	21 	26 	31 	0 	0 	24 	33 	67 	72 	60 	98 	108 	101 	105 	74 	43 	50 	60 	50 	67 	76 	26 	0 	0 	0 	
38 	28 	43 	0 	0 	0 	0 	0 	0 	0 	0 	26 	50 	81 	91 	67 	110 	132 	122 	103 	93 	96 	76 	64 	55 	62 	38 	24 	24 	0 	
31 	36 	0 	0 	0 	0 	28 	21 	24 	0 	0 	33 	48 	86 	74 	67 	101 	117 	125 	91 	108 	113 	76 	55 	62 	50 	50 	31 	0 	0 	
0 	0 	0 	0 	0 	0 	0 	0 	0 	24 	57 	62 	60 	69 	60 	60 	88 	122 	149 	103 	134 	103 	96 	50 	60 	55 	31 	0 	0 	0 	
